69.66666666666667
28.0
56.333333333333336
66.33333333333333
49.0
47.333333333333336
70.33333333333333
57.333333333333336
73.66666666666667
43.333333333333336
32.333333333333336
81.33333333333333
72.0
65.33333333333333
78.33333333333333
85.0
33.666666666666664
61.0
52.0
72.0
88.33333333333333
61.666666666666664
85.33333333333333
87.66666666666667
62.333333333333336
53.333333333333336
50.666666666666664
34.666666666666664
39.0
50.666666666666664
44.333333333333336
90.66666666666667
70.66666666666667
75.66666666666667
82.0
58.666666666666664
56.666666666666664
82.33333333333333
43.0
83.66666666666667
54.666666666666664
65.0
37.666666666666664
82.0
60.666666666666664
84.33333333333333
59.666666666666664
49.666666666666664
76.33333333333333
32.0
61.0
69.33333333333333
62.0
50.333333333333336
69.33333333333333
38.0
51.666666666666664
63.333333333333336
61.666666666666664
43.666666666666664
71.33333333333333
83.0
58.333333333333336
63.666666666666664
51.666666666666664
54.0
83.0
87.0
79.33333333333333
53.0
48.333333333333336
49.666666666666664
72.66666666666667
71.33333333333333
84.0
32.0
76.0
78.33333333333333
57.666666666666664
52.0
44.666666666666664
59.0
63.0
82.33333333333333
83.0
66.66666666666667
40.333333333333336
69.66666666666667
51.333333333333336
62.0
62.666666666666664
36.333333333333336
59.666666666666664
87.66666666666667
52.666666666666664
76.0
54.333333333333336
71.0
69.66666666666667
61.0
49.333333333333336
66.33333333333333
59.333333333333336
64.66666666666667
62.0
75.33333333333333
84.33333333333333
71.66666666666667
41.666666666666664
59.0
66.33333333333333
51.333333333333336
58.666666666666664
52.333333333333336
62.666666666666664
54.333333333333336
43.0
56.666666666666664
42.666666666666664
41.333333333333336
43.333333333333336
40.666666666666664
62.666666666666664
68.66666666666667
77.33333333333333
53.333333333333336
60.333333333333336
69.0
70.33333333333333
67.33333333333333
35.333333333333336
64.33333333333333
76.33333333333333
62.333333333333336
54.0
60.333333333333336
53.0
70.0
77.0
51.0
67.66666666666667
71.0
56.666666666666664
54.333333333333336
52.666666666666664
69.0
80.66666666666667
72.33333333333333
70.66666666666667
72.0
64.0
69.66666666666667
60.333333333333336
41.0
52.0
65.66666666666667
83.0
84.33333333333333
54.333333333333336
53.666666666666664
79.0
59.333333333333336
81.33333333333333
60.0
52.0
53.0
70.66666666666667
89.0
56.0
78.33333333333333
70.0
65.0
38.0
61.358381502890175 63.41618497109827 61.70520231213873